1.343569 2.874599
2.163268 2.139880
3.784111 2.204180
2.197890 1.511959
1.333051 1.509870
1.168994 1.666475
0.465290 1.749315
2.010606 1.354506
1.688482 1.172572
1.553790 1.136016
1.771899 0.979541
1.447145 1.014988
0.932770 1.086208
0.475224 0.928101
0.936861 0.748061
1.287033 0.845523
1.530854 0.797804
1.666277 0.773977
4.261088 0.756091
2.994653 0.439029
4.657424 -0.728425
2.351283 0.002703
1.922223 -0.276105
1.701484 0.097749
1.594986 -0.035355
1.160229 0.156827
1.133349 0.144685
0.702390 0.022874
0.706919 -0.351503
0.113364 -0.437476
-0.287939 -0.776601
-0.559078 -0.704794
-1.474026 -1.033084
-0.642202 -0.535917
-0.213726 -0.208802
-1.048618 -0.452359
-4.327704 0.276419
-0.898878 0.574549
-0.200140 0.902316
-0.304155 0.563908
0.425115 0.601901
1.397330 0.664634
0.913925 0.409849
0.752060 0.385304
0.699030 0.300637
0.645124 0.288430
0.347105 0.348095
-0.057705 0.298809
